-15.222600186957965	
-15.222566083302477	
-15.22251134820822	
-15.222436340506794	
-15.222341632329687	
-15.22222801355068	
-15.22209648713816	
-15.221948259809238	
-15.22178472982902	
-15.221607471969557	
-15.221418216721695	
-15.221218823080504	
-15.221011245650423	
-15.22079751014802	
-15.220579681273449	
-15.22035982589892	
-15.22013997609928	
-15.219922091377898	
-15.21970802151845	
-15.219499471471464	
-15.219297968951407	
-15.219104835766846	
-15.218921163806915	
-15.218747796439189	
-15.218585315803828	
-15.218434036438731	
-15.218294005433467	
-15.21816500899844	
-15.218046585472026	
-15.217938044111609	
-15.217838489061341	
-15.217746847739713	
-15.21766190273195	
-15.217582326174522	
-15.217506715897294	
-15.217433631942898	
-15.217361632186277	
-15.21728930726432	
-15.217215310040826	
-15.217138378282556	
-15.217057365462049	
-15.216971265132294	
-15.216879228827269	
-15.216780578546597	
-15.216674816442445	
-15.216561631085986	
-15.216440899044915	
-15.216312676933928	
-15.216177183607464	
-15.216034802183907	
-15.215886070450518	
-15.21573167017105	
-15.215572413294288	
-15.21540922574056	
-15.215243131849423	
-15.21507523550485	
-15.214906694474186	
-15.214738706391005	
-15.214572495076917	
-15.21440929480482	
-15.214250339734148	
-15.214096850019521	
-15.213950017638638	
-15.213810993942024	
-15.213680878269122	
-15.213560707360147	
-15.213451445747985	
-15.213353977756217	
-15.213269101907548	
-15.213197525201132	
-15.213139858025325	
-15.21309661005128	
-15.213068188050933	
-15.213054893612421	
-15.213056921425265	
-15.2130743583182	
-15.213107183001384	
-15.213155266452347	
-15.213218372900794	
-15.213296161542306	
-15.213388188822714	
-15.213493911296762	
-15.213612689067004	
-15.213743789801386	
-15.21388639334937	
-15.214039596939262	
-15.214202420254843	
-15.214373811122293	
-15.214552652773039	
-15.214737771413123	
-15.214927943723998	
-15.21512190491915	
-15.215318359177946	
-15.21551599047078	
-15.215713474056802	
-15.21590948840578	
-15.216102728346591	
-15.216291918760598	
-15.216475826356094	
-15.216653269377675	
-15.216823134058842	
