170.92369340408402
171.9941509344771
172.7777619104261
173.2721499220078
173.4806615683005
173.41266714824238
173.08360511921444
172.51489371593493
171.73372702068866
170.772773198697
169.66976819974371
168.46697777915753
167.21048808955447
165.9494315668638
164.73521710454668
163.62062180402395
162.6587912883656
161.9022303348084
161.40174923921484
161.20539588482904
161.35741599002762
161.89726711766426
162.85871222902426
164.2690182208186
166.14828180404194
168.508903389198
171.3552227795426
174.6833264613664
178.4810337713638
182.72806332082226
187.39637399486023
192.45067123132725
197.8490651036207
203.5438586621022
209.48244576344086
215.6082945274731
221.86199303994695
228.18232975968866
234.50736361041803
240.77545239861468
246.92625456274604
252.9016115299451
258.646404594784
264.10942780762724
269.24409722853034
274.00901274172753
278.3684051304166
282.2924888290054
285.7577125146222
288.7468686318293
291.2489914592244
293.2590580725221
294.777856887595
295.81190704191874
296.37316126251085
296.47865859236504
296.1500944753648
295.41335360881004
294.29803263044477
292.83688943016574
291.06523212864886
289.02040277635496
286.74126547742986
284.2676400537146
281.63983811758015
278.89820867859135
276.0826338448804
273.2320558824845
270.38404472416664
267.5743821331103
264.83666897896705
262.2019697417691
259.6984951098661
257.35132020573195
255.1821413550124
253.20907628400036
251.44650345931225
249.90493873320727
248.59096201854723
247.50718641348354
246.65226373787365
246.0209310849021
245.60409544708094
245.38895063208366
245.35913897551728
245.49495628468148
245.77358455154948
246.169352876426
246.6540282830367
247.19713364309513
247.76629308163135
248.32761030752317
248.84607066110618
249.28596237908113
249.61130459237464
249.78627794818883
249.77567948737175
249.54538124141604
249.06273056588375
248.29696720747708
247.21971524467196
