use phf::phf_map;

// ALL THE VALUES SHOULD BE CHANGED TO THE CURRENT CODATA VALUES!!!!
pub const OVERLAP_THRESHOLD: f64 = 25.0;
pub const BOHR_TO_ANGS: f64 = 0.529177210903; // <- this value is already from CODATA 2018
pub const HARTREE_TO_EV: f64 = 27.211386245988; // <- this value is already from CODATA 2018
pub const HARTREE_TO_NM: f64 = 45.563352527; // lambda (in nm) = HARTREE_TO_NM / (energy in Hartree)
pub const HARTREE_TO_WAVENUMBERS: f64 = 219474.63; // # E(in cm^-1) = E(in Hartree) * HARTREE_TO_WAVENUMBERS
pub const HARTREE_TO_KCALMOL: f64 = 627.509469;
pub const AUTIME2FS: f64 = 0.02418884326505;
pub const K_BOLTZMANN: f64 = 3.1668114 * 1.0e-6; // in hartree/Kelvin
pub const AUMASS2AMU: f64 = 1.0 / 1822.888486192; // convert masses from atomic units to amu
pub const EBOHR_TO_DEBYE: f64 = 1.0 / 0.393430307; // 1 Debye = 0.393430307 e*a0
pub const SPEED_OF_LIGHT: f64 = 137.035999139; // speed of light in atomic units, inverse of fine structure constant
                                               // c = 1/alpha

pub const ATOM_NAMES: [&str; 87] = [
    "dummy", "h", "he", "li", "be", "b", "c", "n", "o", "f", "ne", "na", "mg", "al", "si", "p",
    "s", "cl", "ar", "k", "ca", "sc", "ti", "v", "cr", "mn", "fe", "co", "ni", "cu", "zn", "ga",
    "ge", "as", "se", "br", "kr", "rb", "sr", "y", "zr", "nb", "mo", "tc", "ru", "rh", "pd", "ag",
    "cd", "in", "sn", "sb", "te", "i", "xe", "cs", "ba", "la", "ce", "pr", "nd", "pm", "sm", "eu",
    "gd", "tb", "dy", "ho", "er", "th", "yt", "lu", "hf", "ta", "w", "re", "os", "ir", "pt", "au",
    "hg", "tl", "pb", "bi", "po", "at", "rn",
];

pub const ATOM_NAMES_UPPER: [&str; 87] = [
    "Dummy", "H", "He", "Li", "Be", "B", "C", "N", "O", "F", "Ne", "Na", "Mg", "Al", "Si", "P",
    "S", "Cl", "Ar", "K", "Ca", "Sc", "Ti", "V", "Cr", "Mn", "Fe", "Co", "Ni", "Cu", "Zn", "Ga",
    "Ge", "As", "Se", "Br", "Kr", "Rb", "Sr", "Y", "Zr", "Nb", "Mo", "Tc", "Ru", "Rh", "Pd", "Ag",
    "Cd", "In", "Sn", "Sb", "Te", "I", "Xe", "Cs", "Ba", "La", "Ce", "Pr", "Nd", "Pm", "Sm", "Eu",
    "Gd", "Tb", "Dy", "Ho", "Er", "Th", "Yt", "Lu", "Hf", "Ta", "W", "Re", "Os", "Ir", "Pt", "Au",
    "Hg", "Tl", "Pb", "Bi", "Po", "At", "Rn",
];

// I believe these masses are averaged over isotopes weighted with their abundances
pub static ATOMIC_MASSES_OLD: phf::Map<&'static str, f64> = phf_map! {
    "H"  => 1.837362128065067E+03, "he" => 7.296296732461748E+03,
    "li" => 1.265266834424631E+04, "be" => 1.642820197435333E+04,
    "b"  => 1.970724642985837E+04, "C"  => 2.189416563639810E+04,
    "N"  => 2.553265087125124E+04, "O"  => 2.916512057440347E+04,
    "f"  => 3.463378575704848E+04, "ne" => 3.678534092874044E+04,
    "na" => 4.190778360619254E+04, "mg" => 4.430530242139558E+04,
    "al" => 4.918433357200404E+04, "si" => 5.119673199572539E+04,
    "p"  => 5.646171127497759E+04, "s"  => 5.845091636050397E+04,
    "cl" => 6.462686224010440E+04, "ar" => 7.282074557210083E+04,
    "k"  => 7.127183730353635E+04, "ca" => 7.305772106334878E+04,
    "sc" => 8.194961023615085E+04, "ti" => 8.725619876588941E+04,
    "v"  => 9.286066913390342E+04, "cr" => 9.478308723444256E+04,
    "mn" => 1.001459246313614E+05, "fe" => 1.017992023749367E+05,
    "co" => 1.074286371995095E+05, "ni" => 1.069915176770187E+05,
    "cu" => 1.158372658987864E+05, "zn" => 1.191804432137767E+05,
    "ga" => 1.270972475098524E+05, "ge" => 1.324146129557776E+05,
    "as" => 1.365737151160185E+05, "se" => 1.439352676072164E+05,
    "br" => 1.456560742513554E+05, "kr" => 1.527544016584286E+05,
    "rb" => 1.557982606990888E+05, "sr" => 1.597214811011183E+05,
    "y"  => 1.620654421428197E+05, "zr" => 1.662911708738692E+05,
    "nb" => 1.693579618505286E+05, "mo" => 1.749243703088714E+05,
    "tc" => 1.786430626330700E+05, "ru" => 1.842393300033101E+05,
    "rh" => 1.875852416508917E+05, "pd" => 1.939917829123603E+05,
    "ag" => 1.966316898848625E+05, "cd" => 2.049127072821024E+05,
    "in" => 2.093003996469779E+05, "sn" => 2.163950812772627E+05,
    "sb" => 2.219548908796184E+05, "te" => 2.326005591018340E+05,
    "i"  => 2.313326855370057E+05, "xe" => 2.393324859416700E+05,
    "cs" => 2.422718057964099E+05, "ba" => 2.503317945123633E+05,
    "la" => 2.532091691559799E+05, "ce" => 2.554158302438290E+05,
    "pr" => 2.568589198411092E+05, "nd" => 2.629370677583600E+05,
    "pm" => 2.643188171611750E+05, "sm" => 2.740894989541674E+05,
    "eu" => 2.770134119384883E+05, "gd" => 2.866491999903088E+05,
    "tb" => 2.897031760615568E+05, "dy" => 2.962195463487770E+05,
    "ho" => 3.006495661821661E+05, "er" => 3.048944899280067E+05,
    "tm" => 3.079482107948796E+05, "yb" => 3.154581281724826E+05,
    "lu" => 3.189449490929371E+05, "hf" => 3.253673494834354E+05,
    "ta" => 3.298477904098085E+05, "w"  => 3.351198023924856E+05,
    "re" => 3.394345792215925E+05, "os" => 3.467680592315195E+05,
    "ir" => 3.503901384708247E+05, "pt" => 3.501476943143941E+05,
    "au" => 3.590480726784480E+05, "hg" => 3.656531829955869E+05,
    "tl" => 3.725679455413626E+05, "pb" => 3.777024752813480E+05,
    "bi" => 3.809479476012968E+05, "po" => 3.828065627851500E+05,
    "at" => 3.828065627851500E+05, "rn" => 4.010354467273000E+05
};

pub static ATOMIC_MASSES: phf::Map<u8, f64> = phf_map! {
    1u8  => 1.837362128065067E+03, 2u8 => 7.296296732461748E+03,
    3u8 => 1.265266834424631E+04, 4u8 => 1.642820197435333E+04,
    5u8  => 1.970724642985837E+04, 6u8  => 2.189416563639810E+04,
    7u8  => 2.553265087125124E+04, 8u8  => 2.916512057440347E+04,
    9u8 => 3.463378575704848E+04, 10u8 => 3.678534092874044E+04,
    11u8 => 4.190778360619254E+04, 12u8 => 4.430530242139558E+04,
    13u8 => 4.918433357200404E+04, 14u8 => 5.119673199572539E+04,
    15u8  => 5.646171127497759E+04, 16u8  => 5.845091636050397E+04,
    17u8 => 6.462686224010440E+04, 18u8 => 7.282074557210083E+04,
    19u8  => 7.127183730353635E+04, 20u8 => 7.305772106334878E+04,
    21u8 => 8.194961023615085E+04, 22u8 => 8.725619876588941E+04,
    23u8  => 9.286066913390342E+04, 24u8 => 9.478308723444256E+04,
    25u8 => 1.001459246313614E+05, 26u8 => 1.017992023749367E+05,
    27u8 => 1.074286371995095E+05, 28u8 => 1.069915176770187E+05,
    29u8 => 1.158372658987864E+05, 30u8 => 1.191804432137767E+05,
    31u8 => 1.270972475098524E+05, 32u8 => 1.324146129557776E+05,
    33u8 => 1.365737151160185E+05, 34u8 => 1.439352676072164E+05,
    35u8 => 1.456560742513554E+05, 36u8 => 1.527544016584286E+05,
    37u8 => 1.557982606990888E+05, 38u8 => 1.597214811011183E+05,
    39u8 => 1.620654421428197E+05, 40u8 => 1.662911708738692E+05,
    41u8 => 1.693579618505286E+05, 42u8 => 1.749243703088714E+05,
    43u8 => 1.786430626330700E+05, 44u8 => 1.842393300033101E+05,
    45u8 => 1.875852416508917E+05, 46u8 => 1.939917829123603E+05,
    47u8 => 1.966316898848625E+05, 48u8 => 2.049127072821024E+05,
    49u8 => 2.093003996469779E+05, 50u8 => 2.163950812772627E+05,
    51u8 => 2.219548908796184E+05, 52u8 => 2.326005591018340E+05,
    53u8  => 2.313326855370057E+05, 54u8 => 2.393324859416700E+05,
    55u8 => 2.422718057964099E+05, 56u8 => 2.503317945123633E+05,
    57u8 => 2.532091691559799E+05, 58u8 => 2.554158302438290E+05,
    59u8 => 2.568589198411092E+05, 60u8 => 2.629370677583600E+05,
    61u8 => 2.643188171611750E+05, 62u8 => 2.740894989541674E+05,
    63u8 => 2.770134119384883E+05, 64u8 => 2.866491999903088E+05,
    65u8 => 2.897031760615568E+05, 66u8 => 2.962195463487770E+05,
    67u8 => 3.006495661821661E+05, 68u8 => 3.048944899280067E+05,
    69u8 => 3.079482107948796E+05, 70u8 => 3.154581281724826E+05,
    71u8 => 3.189449490929371E+05, 72u8 => 3.253673494834354E+05,
    73u8 => 3.298477904098085E+05, 74u8  => 3.351198023924856E+05,
    75u8 => 3.394345792215925E+05, 76u8 => 3.467680592315195E+05,
    77u8 => 3.503901384708247E+05, 78u8 => 3.501476943143941E+05,
    79u8 => 3.590480726784480E+05, 80u8 => 3.656531829955869E+05,
    81u8 => 3.725679455413626E+05, 82u8 => 3.777024752813480E+05,
    83u8 => 3.809479476012968E+05, 84u8 => 3.828065627851500E+05,
    85u8 => 3.828065627851500E+05, 86u8 => 4.010354467273000E+05
};

// taken from
// Beatriz Cordero, Ver ́onica G ́omez, Ana E. Platero-Prats, Marc Rev ́es, Jorge Echeverr ́ıa, Eduard Cremades,Flavia Barrag ́an and Santiago Alvarez
// Covalent radii revisited, Dalton Trans., 2008, 2832–2838
pub static COVALENCE_RADII: phf::Map<u8, f64> = phf_map! {
    1u8 =>  (1.0 / BOHR_TO_ANGS) * 0.31,
    2u8 =>  (1.0 / BOHR_TO_ANGS) * 0.28,
    3u8 =>  (1.0 / BOHR_TO_ANGS) * 1.28,
    4u8 =>  (1.0 / BOHR_TO_ANGS) * 0.96,
    5u8 =>  (1.0 / BOHR_TO_ANGS) * 0.84,
    6u8 =>  (1.0 / BOHR_TO_ANGS) * 0.76,
    7u8 =>  (1.0 / BOHR_TO_ANGS) * 0.71,
    8u8 =>  (1.0 / BOHR_TO_ANGS) * 0.66,
    9u8 =>  (1.0 / BOHR_TO_ANGS) * 0.57,
    10u8 => (1.0 / BOHR_TO_ANGS) * 0.58,
    11u8 => (1.0 / BOHR_TO_ANGS) * 1.66,
    12u8 => (1.0 / BOHR_TO_ANGS) * 1.41,
    13u8 => (1.0 / BOHR_TO_ANGS) * 1.21,
    14u8 => (1.0 / BOHR_TO_ANGS) * 1.11,
    15u8 => (1.0 / BOHR_TO_ANGS) * 1.07,
    16u8 => (1.0 / BOHR_TO_ANGS) * 1.05,
    17u8 => (1.0 / BOHR_TO_ANGS) * 1.02,
    18u8 => (1.0 / BOHR_TO_ANGS) * 1.06,
    19u8 => (1.0 / BOHR_TO_ANGS) * 2.03,
    20u8 => (1.0 / BOHR_TO_ANGS) * 1.76,
    21u8 => (1.0 / BOHR_TO_ANGS) * 1.7,
    22u8 => (1.0 / BOHR_TO_ANGS) * 1.6,
    23u8 => (1.0 / BOHR_TO_ANGS) * 1.53,
    24u8 => (1.0 / BOHR_TO_ANGS) * 1.39,
    25u8 => (1.0 / BOHR_TO_ANGS) * 1.61,
    26u8 => (1.0 / BOHR_TO_ANGS) * 1.52,
    27u8 => (1.0 / BOHR_TO_ANGS) * 1.5,
    28u8 => (1.0 / BOHR_TO_ANGS) * 1.24,
    29u8 => (1.0 / BOHR_TO_ANGS) * 1.32,
    30u8 => (1.0 / BOHR_TO_ANGS) * 1.22,
    31u8 => (1.0 / BOHR_TO_ANGS) * 1.22,
    32u8 => (1.0 / BOHR_TO_ANGS) * 1.2,
    33u8 => (1.0 / BOHR_TO_ANGS) * 1.19,
    34u8 => (1.0 / BOHR_TO_ANGS) * 1.2,
    35u8 => (1.0 / BOHR_TO_ANGS) * 1.2,
    36u8 => (1.0 / BOHR_TO_ANGS) * 1.16,
    37u8 => (1.0 / BOHR_TO_ANGS) * 2.2,
    38u8 => (1.0 / BOHR_TO_ANGS) * 1.95,
    39u8 => (1.0 / BOHR_TO_ANGS) * 1.9,
    40u8 => (1.0 / BOHR_TO_ANGS) * 1.75,
    41u8 => (1.0 / BOHR_TO_ANGS) * 1.64,
    42u8 => (1.0 / BOHR_TO_ANGS) * 1.54,
    43u8 => (1.0 / BOHR_TO_ANGS) * 1.47,
    44u8 => (1.0 / BOHR_TO_ANGS) * 1.46,
    45u8 => (1.0 / BOHR_TO_ANGS) * 1.42,
    46u8 => (1.0 / BOHR_TO_ANGS) * 1.39,
    47u8 => (1.0 / BOHR_TO_ANGS) * 1.45,
    48u8 => (1.0 / BOHR_TO_ANGS) * 1.44,
    49u8 => (1.0 / BOHR_TO_ANGS) * 1.42,
    50u8 => (1.0 / BOHR_TO_ANGS) * 1.39,
    51u8 => (1.0 / BOHR_TO_ANGS) * 1.39,
    52u8 => (1.0 / BOHR_TO_ANGS) * 1.38,
    53u8 => (1.0 / BOHR_TO_ANGS) * 1.39,
    54u8 => (1.0 / BOHR_TO_ANGS) * 1.4,
    55u8 => (1.0 / BOHR_TO_ANGS) * 2.44,
    56u8 => (1.0 / BOHR_TO_ANGS) * 2.15,
    57u8 => (1.0 / BOHR_TO_ANGS) * 2.07,
    58u8 => (1.0 / BOHR_TO_ANGS) * 2.04,
    59u8 => (1.0 / BOHR_TO_ANGS) * 2.03,
    60u8 => (1.0 / BOHR_TO_ANGS) * 2.01,
    61u8 => (1.0 / BOHR_TO_ANGS) * 1.99,
    62u8 => (1.0 / BOHR_TO_ANGS) * 1.98,
    63u8 => (1.0 / BOHR_TO_ANGS) * 1.98,
    64u8 => (1.0 / BOHR_TO_ANGS) * 1.96,
    65u8 => (1.0 / BOHR_TO_ANGS) * 1.94,
    66u8 => (1.0 / BOHR_TO_ANGS) * 1.92,
    67u8 => (1.0 / BOHR_TO_ANGS) * 1.92,
    68u8 => (1.0 / BOHR_TO_ANGS) * 1.89,
    69u8 => (1.0 / BOHR_TO_ANGS) * 1.9,
    70u8 => (1.0 / BOHR_TO_ANGS) * 1.87,
    71u8 => (1.0 / BOHR_TO_ANGS) * 1.87,
    72u8 => (1.0 / BOHR_TO_ANGS) * 1.75,
    73u8 => (1.0 / BOHR_TO_ANGS) * 1.7,
    74u8 => (1.0 / BOHR_TO_ANGS) * 1.62,
    75u8 => (1.0 / BOHR_TO_ANGS) * 1.51,
    76u8 => (1.0 / BOHR_TO_ANGS) * 1.44,
    77u8 => (1.0 / BOHR_TO_ANGS) * 1.41,
    78u8 => (1.0 / BOHR_TO_ANGS) * 1.36,
    79u8 => (1.0 / BOHR_TO_ANGS) * 1.36,
    80u8 => (1.0 / BOHR_TO_ANGS) * 1.32,
    81u8 => (1.0 / BOHR_TO_ANGS) * 1.45,
    82u8 => (1.0 / BOHR_TO_ANGS) * 1.46,
    83u8 => (1.0 / BOHR_TO_ANGS) * 1.48,
    84u8 => (1.0 / BOHR_TO_ANGS) * 1.4,
    85u8 => (1.0 / BOHR_TO_ANGS) * 1.5,
    86u8 => (1.0 / BOHR_TO_ANGS) * 1.5,
    87u8 => (1.0 / BOHR_TO_ANGS) * 2.6,
    88u8 => (1.0 / BOHR_TO_ANGS) * 2.21,
    89u8 => (1.0 / BOHR_TO_ANGS) * 2.15,
    90u8 => (1.0 / BOHR_TO_ANGS) * 2.06,
    91u8 => (1.0 / BOHR_TO_ANGS) * 2.0,
    92u8 => (1.0 / BOHR_TO_ANGS) * 1.96,
    93u8 => (1.0 / BOHR_TO_ANGS) * 1.9,
    94u8 => (1.0 / BOHR_TO_ANGS) * 1.87,
    95u8 => (1.0 / BOHR_TO_ANGS) * 1.8,
    96u8 => (1.0 / BOHR_TO_ANGS) * 1.69
};

// A. Bondi
// The Journal of Physical Chemistry 1964 68 (3), 441-451
// For H:
// Rowland,  R.S.  and  Taylor,  R.,  Intermolecular  Non-bonded Contact Distances in Organic Crystal Structures:Comparison  with  Distances  Expected  from  van  derWaals  Radii,  J.  Phys.  Chem.,  1996,  vol.  100,  no.  18,pp. 7384–7391.
//
// different methods: Batsanov, S.S. Van der Waals Radii of Elements. Inorganic Materials 37, 871–885 (2001)
// Manjeera Mantina, Adam C. Chamberlin, Rosendo Valero, Christopher J. Cramer, and Donald G. Truhlar
// The Journal of Physical Chemistry A 2009 113 (19), 5806-5812

pub static VDW_RADII: phf::Map<u8, f64> = phf_map! {
    1u8 =>1.10,
    2u8 =>1.40,
    6u8 =>1.70,
    7u8 =>1.55,
    8u8 =>1.52,
    9u8 =>1.47,
    10u8 =>1.54,
};

// Tausymbols of the skf files. They correspond to the different orbital interactions
pub const TAUSYMBOLS_AB: [&str; 10] = [
    "dd_sigma", "dd_pi", "dd_delta", "pd_sigma", "pd_pi", "pp_sigma", "pp_pi", "sd_sigma",
    "sp_sigma", "ss_sigma",
];
pub const TAUSYMBOLS_BA: [&str; 10] = [
    "dd_sigma", "dd_pi", "dd_delta", "dp_sigma", "dp_pi", "pp_sigma", "pp_pi", "ds_sigma",
    "ps_sigma", "ss_sigma",
];

// Convert the Tausymbols to tuples of values
pub static SYMBOL_2_TAU: phf::Map<&'static str, (u8, i32, u8, i32)> = phf_map! {
    "ss_sigma" => (0,0,0,0),
    "sp_sigma" => (0,0,1,0),
    "ps_sigma" => (1,0,0,0),
    "pp_pi"    => (1,-1,1,-1),
    "pp_sigma" => (1,0,1,0),
    "ds_sigma" => (2,0,0,0),
    "sd_sigma" => (0,0,2,0),
    "dp_pi"    => (2,-1,1,-1),
    "pd_pi"    => (1,-1,2,-1),
    "dp_sigma" => (2,0,1,0),
    "pd_sigma" => (1,0,2,0),
    "dd_delta" => (2,-2,2,-2),
    "dd_pi"    => (2,-1,2,-1),
    "dd_sigma" => (2,0,2,0),
};

// //  occupation numbers of valence orbitals
// //  which are used to assign the correct occupation to orbitals loaded from hotbit .elm files
// pub static OCCUPATION_NUMBERS: phf::Map<&'static str, f64> = phf_map! {
// "h" => {"1s": 1},
// "he" => {"1s": 2},
// "li" => {"2s": 1},
// "be" => {"2s": 2},
// "b" => {"2s": 2, "2p": 1},
// "c" => {"2s": 2, "2p": 2},
// "n" => {"2s": 2, "2p": 3},
// "o" => {"2s": 2, "2p": 4},
// "f" => {"2s": 2, "2p": 5},
// "ne" => {"2s": 2, "2p": 6},
// "na" => {"3s": 1}, "mg": {"3s": 2},
// "al" => {"3s": 2, "3p": 1},
// "si" => {"3s": 2, "3p": 2},
// "p": {"3s": 2, "3p": 3},
// "s": {"3s": 2, "3p": 4},
// "cl": {"3s": 2, "3p": 5},
// "ar": {"3s": 2, "3p": 6},
// "ti": {"3d": 2, "4s": 2},
// "zn": {"3d": 10, "4s": 2},
// "br": {"4s": 2, "4p": 5},
// "ru": {"4d": 7, "5s": 1},
// "i": {"5s": 2, "5p": 5},
// "au": {"4f": 14, "5d": 10, "6s": 1}
// };

// taken from
// Beatriz Cordero, Ver ́onica G ́omez, Ana E. Platero-Prats, Marc Rev ́es, Jorge Echeverr ́ıa, Eduard Cremades,Flavia Barrag ́an and Santiago Alvarez
// Covalent radii revisited, Dalton Trans., 2008, 2832–2838
// BOND_THRESHOLD[i][j] returns 1.3 * (covalence_radius_of_element_i + covalence_radius_of_element_j)
// the zeroths index is for a dummy atom and has a covalence radius of 0
pub static BOND_THRESHOLD: [[f64; 97]; 97] = [
    [
        0., 0.7616, 0.6879, 3.1445, 2.3584, 2.0636, 1.867, 1.7442, 1.6214, 1.4003, 1.4249, 4.078,
        3.4639, 2.9725, 2.7269, 2.6286, 2.5795, 2.5058, 2.604, 4.987, 4.3237, 4.1763, 3.9306,
        3.7587, 3.4147, 3.9552, 3.7341, 3.685, 3.0462, 3.2428, 2.9971, 2.9971, 2.948, 2.9234,
        2.948, 2.948, 2.8497, 5.4046, 4.7905, 4.6676, 4.2991, 4.0289, 3.7832, 3.6113, 3.5867,
        3.4884, 3.4147, 3.5621, 3.5376, 3.4884, 3.4147, 3.4147, 3.3902, 3.4147, 3.4393, 5.9942,
        5.2818, 5.0853, 5.0116, 4.987, 4.9379, 4.8887, 4.8642, 4.8642, 4.815, 4.7659, 4.7168,
        4.7168, 4.6431, 4.6676, 4.5939, 4.5939, 4.2991, 4.1763, 3.9798, 3.7095, 3.5376, 3.4639,
        3.341, 3.341, 3.2428, 3.5621, 3.5867, 3.6358, 3.4393, 3.685, 3.685, 6.3873, 5.4292, 5.2818,
        5.0607, 4.9133, 4.815, 4.6676, 4.5939, 4.422, 3.9306,
    ],
    [
        0.7616, 1.5231, 1.4494, 3.9061, 3.1199, 2.8251, 2.6286, 2.5058, 2.3829, 2.1618, 2.1864,
        4.8396, 4.2254, 3.7341, 3.4884, 3.3902, 3.341, 3.2673, 3.3656, 5.7485, 5.0853, 4.9379,
        4.6922, 4.5202, 4.1763, 4.7168, 4.4957, 4.4465, 3.8078, 4.0043, 3.7587, 3.7587, 3.7095,
        3.685, 3.7095, 3.7095, 3.6113, 6.1662, 5.552, 5.4292, 5.0607, 4.7905, 4.5448, 4.3728,
        4.3483, 4.25, 4.1763, 4.3237, 4.2991, 4.25, 4.1763, 4.1763, 4.1517, 4.1763, 4.2009, 6.7558,
        6.0433, 5.8468, 5.7731, 5.7485, 5.6994, 5.6503, 5.6257, 5.6257, 5.5766, 5.5274, 5.4783,
        5.4783, 5.4046, 5.4292, 5.3555, 5.3555, 5.0607, 4.9379, 4.7413, 4.4711, 4.2991, 4.2254,
        4.1026, 4.1026, 4.0043, 4.3237, 4.3483, 4.3974, 4.2009, 4.4465, 4.4465, 7.1488, 6.1907,
        6.0433, 5.8222, 5.6748, 5.5766, 5.4292, 5.3555, 5.1835, 4.6922,
    ],
    [
        0.6879, 1.4494, 1.3757, 3.8324, 3.0462, 2.7514, 2.5549, 2.4321, 2.3092, 2.0881, 2.1127,
        4.7659, 4.1517, 3.6604, 3.4147, 3.3165, 3.2673, 3.1936, 3.2919, 5.6748, 5.0116, 4.8642,
        4.6185, 4.4465, 4.1026, 4.6431, 4.422, 4.3728, 3.7341, 3.9306, 3.685, 3.685, 3.6358,
        3.6113, 3.6358, 3.6358, 3.5376, 6.0925, 5.4783, 5.3555, 4.987, 4.7168, 4.4711, 4.2991,
        4.2746, 4.1763, 4.1026, 4.25, 4.2254, 4.1763, 4.1026, 4.1026, 4.078, 4.1026, 4.1272,
        6.6821, 5.9696, 5.7731, 5.6994, 5.6748, 5.6257, 5.5766, 5.552, 5.552, 5.5029, 5.4537,
        5.4046, 5.4046, 5.3309, 5.3555, 5.2818, 5.2818, 4.987, 4.8642, 4.6676, 4.3974, 4.2254,
        4.1517, 4.0289, 4.0289, 3.9306, 4.25, 4.2746, 4.3237, 4.1272, 4.3728, 4.3728, 7.0751,
        6.117, 5.9696, 5.7485, 5.6011, 5.5029, 5.3555, 5.2818, 5.1098, 4.6185,
    ],
    [
        3.1445, 3.9061, 3.8324, 6.289, 5.5029, 5.2081, 5.0116, 4.8887, 4.7659, 4.5448, 4.5694,
        7.2225, 6.6084, 6.117, 5.8714, 5.7731, 5.724, 5.6503, 5.7485, 8.1315, 7.4682, 7.3208,
        7.0751, 6.9032, 6.5592, 7.0997, 6.8786, 6.8295, 6.1907, 6.3873, 6.1416, 6.1416, 6.0925,
        6.0679, 6.0925, 6.0925, 5.9942, 8.5491, 7.935, 7.8121, 7.4436, 7.1734, 6.9277, 6.7558,
        6.7312, 6.6329, 6.5592, 6.7066, 6.6821, 6.6329, 6.5592, 6.5592, 6.5347, 6.5592, 6.5838,
        9.1387, 8.4263, 8.2298, 8.1561, 8.1315, 8.0824, 8.0332, 8.0087, 8.0087, 7.9595, 7.9104,
        7.8613, 7.8613, 7.7876, 7.8121, 7.7384, 7.7384, 7.4436, 7.3208, 7.1243, 6.854, 6.6821,
        6.6084, 6.4855, 6.4855, 6.3873, 6.7066, 6.7312, 6.7803, 6.5838, 6.8295, 6.8295, 9.5318,
        8.5737, 8.4263, 8.2052, 8.0578, 7.9595, 7.8121, 7.7384, 7.5665, 7.0751,
    ],
    [
        2.3584, 3.1199, 3.0462, 5.5029, 4.7168, 4.422, 4.2254, 4.1026, 3.9798, 3.7587, 3.7832,
        6.4364, 5.8222, 5.3309, 5.0853, 4.987, 4.9379, 4.8642, 4.9624, 7.3454, 6.6821, 6.5347,
        6.289, 6.117, 5.7731, 6.3136, 6.0925, 6.0433, 5.4046, 5.6011, 5.3555, 5.3555, 5.3064,
        5.2818, 5.3064, 5.3064, 5.2081, 7.763, 7.1488, 7.026, 6.6575, 6.3873, 6.1416, 5.9696,
        5.9451, 5.8468, 5.7731, 5.9205, 5.8959, 5.8468, 5.7731, 5.7731, 5.7485, 5.7731, 5.7977,
        8.3526, 7.6402, 7.4436, 7.3699, 7.3454, 7.2962, 7.2471, 7.2225, 7.2225, 7.1734, 7.1243,
        7.0751, 7.0751, 7.0014, 7.026, 6.9523, 6.9523, 6.6575, 6.5347, 6.3381, 6.0679, 5.8959,
        5.8222, 5.6994, 5.6994, 5.6011, 5.9205, 5.9451, 5.9942, 5.7977, 6.0433, 6.0433, 8.7457,
        7.7876, 7.6402, 7.4191, 7.2717, 7.1734, 7.026, 6.9523, 6.7803, 6.289,
    ],
    [
        2.0636, 2.8251, 2.7514, 5.2081, 4.422, 4.1272, 3.9306, 3.8078, 3.685, 3.4639, 3.4884,
        6.1416, 5.5274, 5.0361, 4.7905, 4.6922, 4.6431, 4.5694, 4.6676, 7.0506, 6.3873, 6.2399,
        5.9942, 5.8222, 5.4783, 6.0188, 5.7977, 5.7485, 5.1098, 5.3064, 5.0607, 5.0607, 5.0116,
        4.987, 5.0116, 5.0116, 4.9133, 7.4682, 6.854, 6.7312, 6.3627, 6.0925, 5.8468, 5.6748,
        5.6503, 5.552, 5.4783, 5.6257, 5.6011, 5.552, 5.4783, 5.4783, 5.4537, 5.4783, 5.5029,
        8.0578, 7.3454, 7.1488, 7.0751, 7.0506, 7.0014, 6.9523, 6.9277, 6.9277, 6.8786, 6.8295,
        6.7803, 6.7803, 6.7066, 6.7312, 6.6575, 6.6575, 6.3627, 6.2399, 6.0433, 5.7731, 5.6011,
        5.5274, 5.4046, 5.4046, 5.3064, 5.6257, 5.6503, 5.6994, 5.5029, 5.7485, 5.7485, 8.4509,
        7.4928, 7.3454, 7.1243, 6.9769, 6.8786, 6.7312, 6.6575, 6.4855, 5.9942,
    ],
    [
        1.867, 2.6286, 2.5549, 5.0116, 4.2254, 3.9306, 3.7341, 3.6113, 3.4884, 3.2673, 3.2919,
        5.9451, 5.3309, 4.8396, 4.5939, 4.4957, 4.4465, 4.3728, 4.4711, 6.854, 6.1907, 6.0433,
        5.7977, 5.6257, 5.2818, 5.8222, 5.6011, 5.552, 4.9133, 5.1098, 4.8642, 4.8642, 4.815,
        4.7905, 4.815, 4.815, 4.7168, 7.2717, 6.6575, 6.5347, 6.1662, 5.8959, 5.6503, 5.4783,
        5.4537, 5.3555, 5.2818, 5.4292, 5.4046, 5.3555, 5.2818, 5.2818, 5.2572, 5.2818, 5.3064,
        7.8613, 7.1488, 6.9523, 6.8786, 6.854, 6.8049, 6.7558, 6.7312, 6.7312, 6.6821, 6.6329,
        6.5838, 6.5838, 6.5101, 6.5347, 6.461, 6.461, 6.1662, 6.0433, 5.8468, 5.5766, 5.4046,
        5.3309, 5.2081, 5.2081, 5.1098, 5.4292, 5.4537, 5.5029, 5.3064, 5.552, 5.552, 8.2543,
        7.2962, 7.1488, 6.9277, 6.7803, 6.6821, 6.5347, 6.461, 6.289, 5.7977,
    ],
    [
        1.7442, 2.5058, 2.4321, 4.8887, 4.1026, 3.8078, 3.6113, 3.4884, 3.3656, 3.1445, 3.1691,
        5.8222, 5.2081, 4.7168, 4.4711, 4.3728, 4.3237, 4.25, 4.3483, 6.7312, 6.0679, 5.9205,
        5.6748, 5.5029, 5.159, 5.6994, 5.4783, 5.4292, 4.7905, 4.987, 4.7413, 4.7413, 4.6922,
        4.6676, 4.6922, 4.6922, 4.5939, 7.1488, 6.5347, 6.4118, 6.0433, 5.7731, 5.5274, 5.3555,
        5.3309, 5.2327, 5.159, 5.3064, 5.2818, 5.2327, 5.159, 5.159, 5.1344, 5.159, 5.1835, 7.7384,
        7.026, 6.8295, 6.7558, 6.7312, 6.6821, 6.6329, 6.6084, 6.6084, 6.5592, 6.5101, 6.461,
        6.461, 6.3873, 6.4118, 6.3381, 6.3381, 6.0433, 5.9205, 5.724, 5.4537, 5.2818, 5.2081,
        5.0853, 5.0853, 4.987, 5.3064, 5.3309, 5.3801, 5.1835, 5.4292, 5.4292, 8.1315, 7.1734,
        7.026, 6.8049, 6.6575, 6.5592, 6.4118, 6.3381, 6.1662, 5.6748,
    ],
    [
        1.6214, 2.3829, 2.3092, 4.7659, 3.9798, 3.685, 3.4884, 3.3656, 3.2428, 3.0217, 3.0462,
        5.6994, 5.0853, 4.5939, 4.3483, 4.25, 4.2009, 4.1272, 4.2254, 6.6084, 5.9451, 5.7977,
        5.552, 5.3801, 5.0361, 5.5766, 5.3555, 5.3064, 4.6676, 4.8642, 4.6185, 4.6185, 4.5694,
        4.5448, 4.5694, 4.5694, 4.4711, 7.026, 6.4118, 6.289, 5.9205, 5.6503, 5.4046, 5.2327,
        5.2081, 5.1098, 5.0361, 5.1835, 5.159, 5.1098, 5.0361, 5.0361, 5.0116, 5.0361, 5.0607,
        7.6156, 6.9032, 6.7066, 6.6329, 6.6084, 6.5592, 6.5101, 6.4855, 6.4855, 6.4364, 6.3873,
        6.3381, 6.3381, 6.2644, 6.289, 6.2153, 6.2153, 5.9205, 5.7977, 5.6011, 5.3309, 5.159,
        5.0853, 4.9624, 4.9624, 4.8642, 5.1835, 5.2081, 5.2572, 5.0607, 5.3064, 5.3064, 8.0087,
        7.0506, 6.9032, 6.6821, 6.5347, 6.4364, 6.289, 6.2153, 6.0433, 5.552,
    ],
    [
        1.4003, 2.1618, 2.0881, 4.5448, 3.7587, 3.4639, 3.2673, 3.1445, 3.0217, 2.8006, 2.8251,
        5.4783, 4.8642, 4.3728, 4.1272, 4.0289, 3.9798, 3.9061, 4.0043, 6.3873, 5.724, 5.5766,
        5.3309, 5.159, 4.815, 5.3555, 5.1344, 5.0853, 4.4465, 4.6431, 4.3974, 4.3974, 4.3483,
        4.3237, 4.3483, 4.3483, 4.25, 6.8049, 6.1907, 6.0679, 5.6994, 5.4292, 5.1835, 5.0116,
        4.987, 4.8887, 4.815, 4.9624, 4.9379, 4.8887, 4.815, 4.815, 4.7905, 4.815, 4.8396, 7.3945,
        6.6821, 6.4855, 6.4118, 6.3873, 6.3381, 6.289, 6.2644, 6.2644, 6.2153, 6.1662, 6.117,
        6.117, 6.0433, 6.0679, 5.9942, 5.9942, 5.6994, 5.5766, 5.3801, 5.1098, 4.9379, 4.8642,
        4.7413, 4.7413, 4.6431, 4.9624, 4.987, 5.0361, 4.8396, 5.0853, 5.0853, 7.7876, 6.8295,
        6.6821, 6.461, 6.3136, 6.2153, 6.0679, 5.9942, 5.8222, 5.3309,
    ],
    [
        1.4249, 2.1864, 2.1127, 4.5694, 3.7832, 3.4884, 3.2919, 3.1691, 3.0462, 2.8251, 2.8497,
        5.5029, 4.8887, 4.3974, 4.1517, 4.0535, 4.0043, 3.9306, 4.0289, 6.4118, 5.7485, 5.6011,
        5.3555, 5.1835, 4.8396, 5.3801, 5.159, 5.1098, 4.4711, 4.6676, 4.422, 4.422, 4.3728,
        4.3483, 4.3728, 4.3728, 4.2746, 6.8295, 6.2153, 6.0925, 5.724, 5.4537, 5.2081, 5.0361,
        5.0116, 4.9133, 4.8396, 4.987, 4.9624, 4.9133, 4.8396, 4.8396, 4.815, 4.8396, 4.8642,
        7.4191, 6.7066, 6.5101, 6.4364, 6.4118, 6.3627, 6.3136, 6.289, 6.289, 6.2399, 6.1907,
        6.1416, 6.1416, 6.0679, 6.0925, 6.0188, 6.0188, 5.724, 5.6011, 5.4046, 5.1344, 4.9624,
        4.8887, 4.7659, 4.7659, 4.6676, 4.987, 5.0116, 5.0607, 4.8642, 5.1098, 5.1098, 7.8121,
        6.854, 6.7066, 6.4855, 6.3381, 6.2399, 6.0925, 6.0188, 5.8468, 5.3555,
    ],
    [
        4.078, 4.8396, 4.7659, 7.2225, 6.4364, 6.1416, 5.9451, 5.8222, 5.6994, 5.4783, 5.5029,
        8.1561, 7.5419, 7.0506, 6.8049, 6.7066, 6.6575, 6.5838, 6.6821, 9.065, 8.4017, 8.2543,
        8.0087, 7.8367, 7.4928, 8.0332, 7.8121, 7.763, 7.1243, 7.3208, 7.0751, 7.0751, 7.026,
        7.0014, 7.026, 7.026, 6.9277, 9.4826, 8.8685, 8.7457, 8.3772, 8.1069, 7.8613, 7.6893,
        7.6647, 7.5665, 7.4928, 7.6402, 7.6156, 7.5665, 7.4928, 7.4928, 7.4682, 7.4928, 7.5173,
        10.0722, 9.3598, 9.1633, 9.0896, 9.065, 9.0159, 8.9668, 8.9422, 8.9422, 8.8931, 8.8439,
        8.7948, 8.7948, 8.7211, 8.7457, 8.672, 8.672, 8.3772, 8.2543, 8.0578, 7.7876, 7.6156,
        7.5419, 7.4191, 7.4191, 7.3208, 7.6402, 7.6647, 7.7139, 7.5173, 7.763, 7.763, 10.4653,
        9.5072, 9.3598, 9.1387, 8.9913, 8.8931, 8.7457, 8.672, 8.5, 8.0087,
    ],
    [
        3.4639, 4.2254, 4.1517, 6.6084, 5.8222, 5.5274, 5.3309, 5.2081, 5.0853, 4.8642, 4.8887,
        7.5419, 6.9277, 6.4364, 6.1907, 6.0925, 6.0433, 5.9696, 6.0679, 8.4509, 7.7876, 7.6402,
        7.3945, 7.2225, 6.8786, 7.4191, 7.198, 7.1488, 6.5101, 6.7066, 6.461, 6.461, 6.4118,
        6.3873, 6.4118, 6.4118, 6.3136, 8.8685, 8.2543, 8.1315, 7.763, 7.4928, 7.2471, 7.0751,
        7.0506, 6.9523, 6.8786, 7.026, 7.0014, 6.9523, 6.8786, 6.8786, 6.854, 6.8786, 6.9032,
        9.4581, 8.7457, 8.5491, 8.4754, 8.4509, 8.4017, 8.3526, 8.328, 8.328, 8.2789, 8.2298,
        8.1806, 8.1806, 8.1069, 8.1315, 8.0578, 8.0578, 7.763, 7.6402, 7.4436, 7.1734, 7.0014,
        6.9277, 6.8049, 6.8049, 6.7066, 7.026, 7.0506, 7.0997, 6.9032, 7.1488, 7.1488, 9.8511,
        8.8931, 8.7457, 8.5246, 8.3772, 8.2789, 8.1315, 8.0578, 7.8858, 7.3945,
    ],
    [
        2.9725, 3.7341, 3.6604, 6.117, 5.3309, 5.0361, 4.8396, 4.7168, 4.5939, 4.3728, 4.3974,
        7.0506, 6.4364, 5.9451, 5.6994, 5.6011, 5.552, 5.4783, 5.5766, 7.9595, 7.2962, 7.1488,
        6.9032, 6.7312, 6.3873, 6.9277, 6.7066, 6.6575, 6.0188, 6.2153, 5.9696, 5.9696, 5.9205,
        5.8959, 5.9205, 5.9205, 5.8222, 8.3772, 7.763, 7.6402, 7.2717, 7.0014, 6.7558, 6.5838,
        6.5592, 6.461, 6.3873, 6.5347, 6.5101, 6.461, 6.3873, 6.3873, 6.3627, 6.3873, 6.4118,
        8.9668, 8.2543, 8.0578, 7.9841, 7.9595, 7.9104, 7.8613, 7.8367, 7.8367, 7.7876, 7.7384,
        7.6893, 7.6893, 7.6156, 7.6402, 7.5665, 7.5665, 7.2717, 7.1488, 6.9523, 6.6821, 6.5101,
        6.4364, 6.3136, 6.3136, 6.2153, 6.5347, 6.5592, 6.6084, 6.4118, 6.6575, 6.6575, 9.3598,
        8.4017, 8.2543, 8.0332, 7.8858, 7.7876, 7.6402, 7.5665, 7.3945, 6.9032,
    ],
    [
        2.7269, 3.4884, 3.4147, 5.8714, 5.0853, 4.7905, 4.5939, 4.4711, 4.3483, 4.1272, 4.1517,
        6.8049, 6.1907, 5.6994, 5.4537, 5.3555, 5.3064, 5.2327, 5.3309, 7.7139, 7.0506, 6.9032,
        6.6575, 6.4855, 6.1416, 6.6821, 6.461, 6.4118, 5.7731, 5.9696, 5.724, 5.724, 5.6748,
        5.6503, 5.6748, 5.6748, 5.5766, 8.1315, 7.5173, 7.3945, 7.026, 6.7558, 6.5101, 6.3381,
        6.3136, 6.2153, 6.1416, 6.289, 6.2644, 6.2153, 6.1416, 6.1416, 6.117, 6.1416, 6.1662,
        8.7211, 8.0087, 7.8121, 7.7384, 7.7139, 7.6647, 7.6156, 7.591, 7.591, 7.5419, 7.4928,
        7.4436, 7.4436, 7.3699, 7.3945, 7.3208, 7.3208, 7.026, 6.9032, 6.7066, 6.4364, 6.2644,
        6.1907, 6.0679, 6.0679, 5.9696, 6.289, 6.3136, 6.3627, 6.1662, 6.4118, 6.4118, 9.1141,
        8.1561, 8.0087, 7.7876, 7.6402, 7.5419, 7.3945, 7.3208, 7.1488, 6.6575,
    ],
    [
        2.6286, 3.3902, 3.3165, 5.7731, 4.987, 4.6922, 4.4957, 4.3728, 4.25, 4.0289, 4.0535,
        6.7066, 6.0925, 5.6011, 5.3555, 5.2572, 5.2081, 5.1344, 5.2327, 7.6156, 6.9523, 6.8049,
        6.5592, 6.3873, 6.0433, 6.5838, 6.3627, 6.3136, 5.6748, 5.8714, 5.6257, 5.6257, 5.5766,
        5.552, 5.5766, 5.5766, 5.4783, 8.0332, 7.4191, 7.2962, 6.9277, 6.6575, 6.4118, 6.2399,
        6.2153, 6.117, 6.0433, 6.1907, 6.1662, 6.117, 6.0433, 6.0433, 6.0188, 6.0433, 6.0679,
        8.6228, 7.9104, 7.7139, 7.6402, 7.6156, 7.5665, 7.5173, 7.4928, 7.4928, 7.4436, 7.3945,
        7.3454, 7.3454, 7.2717, 7.2962, 7.2225, 7.2225, 6.9277, 6.8049, 6.6084, 6.3381, 6.1662,
        6.0925, 5.9696, 5.9696, 5.8714, 6.1907, 6.2153, 6.2644, 6.0679, 6.3136, 6.3136, 9.0159,
        8.0578, 7.9104, 7.6893, 7.5419, 7.4436, 7.2962, 7.2225, 7.0506, 6.5592,
    ],
    [
        2.5795, 3.341, 3.2673, 5.724, 4.9379, 4.6431, 4.4465, 4.3237, 4.2009, 3.9798, 4.0043,
        6.6575, 6.0433, 5.552, 5.3064, 5.2081, 5.159, 5.0853, 5.1835, 7.5665, 6.9032, 6.7558,
        6.5101, 6.3381, 5.9942, 6.5347, 6.3136, 6.2644, 5.6257, 5.8222, 5.5766, 5.5766, 5.5274,
        5.5029, 5.5274, 5.5274, 5.4292, 7.9841, 7.3699, 7.2471, 6.8786, 6.6084, 6.3627, 6.1907,
        6.1662, 6.0679, 5.9942, 6.1416, 6.117, 6.0679, 5.9942, 5.9942, 5.9696, 5.9942, 6.0188,
        8.5737, 7.8613, 7.6647, 7.591, 7.5665, 7.5173, 7.4682, 7.4436, 7.4436, 7.3945, 7.3454,
        7.2962, 7.2962, 7.2225, 7.2471, 7.1734, 7.1734, 6.8786, 6.7558, 6.5592, 6.289, 6.117,
        6.0433, 5.9205, 5.9205, 5.8222, 6.1416, 6.1662, 6.2153, 6.0188, 6.2644, 6.2644, 8.9668,
        8.0087, 7.8613, 7.6402, 7.4928, 7.3945, 7.2471, 7.1734, 7.0014, 6.5101,
    ],
    [
        2.5058, 3.2673, 3.1936, 5.6503, 4.8642, 4.5694, 4.3728, 4.25, 4.1272, 3.9061, 3.9306,
        6.5838, 5.9696, 5.4783, 5.2327, 5.1344, 5.0853, 5.0116, 5.1098, 7.4928, 6.8295, 6.6821,
        6.4364, 6.2644, 5.9205, 6.461, 6.2399, 6.1907, 5.552, 5.7485, 5.5029, 5.5029, 5.4537,
        5.4292, 5.4537, 5.4537, 5.3555, 7.9104, 7.2962, 7.1734, 6.8049, 6.5347, 6.289, 6.117,
        6.0925, 5.9942, 5.9205, 6.0679, 6.0433, 5.9942, 5.9205, 5.9205, 5.8959, 5.9205, 5.9451,
        8.5, 7.7876, 7.591, 7.5173, 7.4928, 7.4436, 7.3945, 7.3699, 7.3699, 7.3208, 7.2717, 7.2225,
        7.2225, 7.1488, 7.1734, 7.0997, 7.0997, 6.8049, 6.6821, 6.4855, 6.2153, 6.0433, 5.9696,
        5.8468, 5.8468, 5.7485, 6.0679, 6.0925, 6.1416, 5.9451, 6.1907, 6.1907, 8.8931, 7.935,
        7.7876, 7.5665, 7.4191, 7.3208, 7.1734, 7.0997, 6.9277, 6.4364,
    ],
    [
        2.604, 3.3656, 3.2919, 5.7485, 4.9624, 4.6676, 4.4711, 4.3483, 4.2254, 4.0043, 4.0289,
        6.6821, 6.0679, 5.5766, 5.3309, 5.2327, 5.1835, 5.1098, 5.2081, 7.591, 6.9277, 6.7803,
        6.5347, 6.3627, 6.0188, 6.5592, 6.3381, 6.289, 5.6503, 5.8468, 5.6011, 5.6011, 5.552,
        5.5274, 5.552, 5.552, 5.4537, 8.0087, 7.3945, 7.2717, 6.9032, 6.6329, 6.3873, 6.2153,
        6.1907, 6.0925, 6.0188, 6.1662, 6.1416, 6.0925, 6.0188, 6.0188, 5.9942, 6.0188, 6.0433,
        8.5983, 7.8858, 7.6893, 7.6156, 7.591, 7.5419, 7.4928, 7.4682, 7.4682, 7.4191, 7.3699,
        7.3208, 7.3208, 7.2471, 7.2717, 7.198, 7.198, 6.9032, 6.7803, 6.5838, 6.3136, 6.1416,
        6.0679, 5.9451, 5.9451, 5.8468, 6.1662, 6.1907, 6.2399, 6.0433, 6.289, 6.289, 8.9913,
        8.0332, 7.8858, 7.6647, 7.5173, 7.4191, 7.2717, 7.198, 7.026, 6.5347,
    ],
    [
        4.987, 5.7485, 5.6748, 8.1315, 7.3454, 7.0506, 6.854, 6.7312, 6.6084, 6.3873, 6.4118,
        9.065, 8.4509, 7.9595, 7.7139, 7.6156, 7.5665, 7.4928, 7.591, 9.974, 9.3107, 9.1633,
        8.9176, 8.7457, 8.4017, 8.9422, 8.7211, 8.672, 8.0332, 8.2298, 7.9841, 7.9841, 7.935,
        7.9104, 7.935, 7.935, 7.8367, 10.3916, 9.7774, 9.6546, 9.2861, 9.0159, 8.7702, 8.5983,
        8.5737, 8.4754, 8.4017, 8.5491, 8.5246, 8.4754, 8.4017, 8.4017, 8.3772, 8.4017, 8.4263,
        10.9812, 10.2688, 10.0722, 9.9985, 9.974, 9.9248, 9.8757, 9.8511, 9.8511, 9.802, 9.7529,
        9.7037, 9.7037, 9.63, 9.6546, 9.5809, 9.5809, 9.2861, 9.1633, 8.9668, 8.6965, 8.5246,
        8.4509, 8.328, 8.328, 8.2298, 8.5491, 8.5737, 8.6228, 8.4263, 8.672, 8.672, 11.3743,
        10.4162, 10.2688, 10.0477, 9.9003, 9.802, 9.6546, 9.5809, 9.4089, 8.9176,
    ],
    [
        4.3237, 5.0853, 5.0116, 7.4682, 6.6821, 6.3873, 6.1907, 6.0679, 5.9451, 5.724, 5.7485,
        8.4017, 7.7876, 7.2962, 7.0506, 6.9523, 6.9032, 6.8295, 6.9277, 9.3107, 8.6474, 8.5,
        8.2543, 8.0824, 7.7384, 8.2789, 8.0578, 8.0087, 7.3699, 7.5665, 7.3208, 7.3208, 7.2717,
        7.2471, 7.2717, 7.2717, 7.1734, 9.7283, 9.1141, 8.9913, 8.6228, 8.3526, 8.1069, 7.935,
        7.9104, 7.8121, 7.7384, 7.8858, 7.8613, 7.8121, 7.7384, 7.7384, 7.7139, 7.7384, 7.763,
        10.3179, 9.6055, 9.4089, 9.3352, 9.3107, 9.2615, 9.2124, 9.1878, 9.1878, 9.1387, 9.0896,
        9.0404, 9.0404, 8.9668, 8.9913, 8.9176, 8.9176, 8.6228, 8.5, 8.3035, 8.0332, 7.8613,
        7.7876, 7.6647, 7.6647, 7.5665, 7.8858, 7.9104, 7.9595, 7.763, 8.0087, 8.0087, 10.711,
        9.7529, 9.6055, 9.3844, 9.237, 9.1387, 8.9913, 8.9176, 8.7457, 8.2543,
    ],
    [
        4.1763, 4.9379, 4.8642, 7.3208, 6.5347, 6.2399, 6.0433, 5.9205, 5.7977, 5.5766, 5.6011,
        8.2543, 7.6402, 7.1488, 6.9032, 6.8049, 6.7558, 6.6821, 6.7803, 9.1633, 8.5, 8.3526,
        8.1069, 7.935, 7.591, 8.1315, 7.9104, 7.8613, 7.2225, 7.4191, 7.1734, 7.1734, 7.1243,
        7.0997, 7.1243, 7.1243, 7.026, 9.5809, 8.9668, 8.8439, 8.4754, 8.2052, 7.9595, 7.7876,
        7.763, 7.6647, 7.591, 7.7384, 7.7139, 7.6647, 7.591, 7.591, 7.5665, 7.591, 7.6156, 10.1705,
        9.4581, 9.2615, 9.1878, 9.1633, 9.1141, 9.065, 9.0404, 9.0404, 8.9913, 8.9422, 8.8931,
        8.8931, 8.8194, 8.8439, 8.7702, 8.7702, 8.4754, 8.3526, 8.1561, 7.8858, 7.7139, 7.6402,
        7.5173, 7.5173, 7.4191, 7.7384, 7.763, 7.8121, 7.6156, 7.8613, 7.8613, 10.5636, 9.6055,
        9.4581, 9.237, 9.0896, 8.9913, 8.8439, 8.7702, 8.5983, 8.1069,
    ],
    [
        3.9306, 4.6922, 4.6185, 7.0751, 6.289, 5.9942, 5.7977, 5.6748, 5.552, 5.3309, 5.3555,
        8.0087, 7.3945, 6.9032, 6.6575, 6.5592, 6.5101, 6.4364, 6.5347, 8.9176, 8.2543, 8.1069,
        7.8613, 7.6893, 7.3454, 7.8858, 7.6647, 7.6156, 6.9769, 7.1734, 6.9277, 6.9277, 6.8786,
        6.854, 6.8786, 6.8786, 6.7803, 9.3352, 8.7211, 8.5983, 8.2298, 7.9595, 7.7139, 7.5419,
        7.5173, 7.4191, 7.3454, 7.4928, 7.4682, 7.4191, 7.3454, 7.3454, 7.3208, 7.3454, 7.3699,
        9.9248, 9.2124, 9.0159, 8.9422, 8.9176, 8.8685, 8.8194, 8.7948, 8.7948, 8.7457, 8.6965,
        8.6474, 8.6474, 8.5737, 8.5983, 8.5246, 8.5246, 8.2298, 8.1069, 7.9104, 7.6402, 7.4682,
        7.3945, 7.2717, 7.2717, 7.1734, 7.4928, 7.5173, 7.5665, 7.3699, 7.6156, 7.6156, 10.3179,
        9.3598, 9.2124, 8.9913, 8.8439, 8.7457, 8.5983, 8.5246, 8.3526, 7.8613,
    ],
    [
        3.7587, 4.5202, 4.4465, 6.9032, 6.117, 5.8222, 5.6257, 5.5029, 5.3801, 5.159, 5.1835,
        7.8367, 7.2225, 6.7312, 6.4855, 6.3873, 6.3381, 6.2644, 6.3627, 8.7457, 8.0824, 7.935,
        7.6893, 7.5173, 7.1734, 7.7139, 7.4928, 7.4436, 6.8049, 7.0014, 6.7558, 6.7558, 6.7066,
        6.6821, 6.7066, 6.7066, 6.6084, 9.1633, 8.5491, 8.4263, 8.0578, 7.7876, 7.5419, 7.3699,
        7.3454, 7.2471, 7.1734, 7.3208, 7.2962, 7.2471, 7.1734, 7.1734, 7.1488, 7.1734, 7.198,
        9.7529, 9.0404, 8.8439, 8.7702, 8.7457, 8.6965, 8.6474, 8.6228, 8.6228, 8.5737, 8.5246,
        8.4754, 8.4754, 8.4017, 8.4263, 8.3526, 8.3526, 8.0578, 7.935, 7.7384, 7.4682, 7.2962,
        7.2225, 7.0997, 7.0997, 7.0014, 7.3208, 7.3454, 7.3945, 7.198, 7.4436, 7.4436, 10.1459,
        9.1878, 9.0404, 8.8194, 8.672, 8.5737, 8.4263, 8.3526, 8.1806, 7.6893,
    ],
    [
        3.4147, 4.1763, 4.1026, 6.5592, 5.7731, 5.4783, 5.2818, 5.159, 5.0361, 4.815, 4.8396,
        7.4928, 6.8786, 6.3873, 6.1416, 6.0433, 5.9942, 5.9205, 6.0188, 8.4017, 7.7384, 7.591,
        7.3454, 7.1734, 6.8295, 7.3699, 7.1488, 7.0997, 6.461, 6.6575, 6.4118, 6.4118, 6.3627,
        6.3381, 6.3627, 6.3627, 6.2644, 8.8194, 8.2052, 8.0824, 7.7139, 7.4436, 7.198, 7.026,
        7.0014, 6.9032, 6.8295, 6.9769, 6.9523, 6.9032, 6.8295, 6.8295, 6.8049, 6.8295, 6.854,
        9.4089, 8.6965, 8.5, 8.4263, 8.4017, 8.3526, 8.3035, 8.2789, 8.2789, 8.2298, 8.1806,
        8.1315, 8.1315, 8.0578, 8.0824, 8.0087, 8.0087, 7.7139, 7.591, 7.3945, 7.1243, 6.9523,
        6.8786, 6.7558, 6.7558, 6.6575, 6.9769, 7.0014, 7.0506, 6.854, 7.0997, 7.0997, 9.802,
        8.8439, 8.6965, 8.4754, 8.328, 8.2298, 8.0824, 8.0087, 7.8367, 7.3454,
    ],
    [
        3.9552, 4.7168, 4.6431, 7.0997, 6.3136, 6.0188, 5.8222, 5.6994, 5.5766, 5.3555, 5.3801,
        8.0332, 7.4191, 6.9277, 6.6821, 6.5838, 6.5347, 6.461, 6.5592, 8.9422, 8.2789, 8.1315,
        7.8858, 7.7139, 7.3699, 7.9104, 7.6893, 7.6402, 7.0014, 7.198, 6.9523, 6.9523, 6.9032,
        6.8786, 6.9032, 6.9032, 6.8049, 9.3598, 8.7457, 8.6228, 8.2543, 7.9841, 7.7384, 7.5665,
        7.5419, 7.4436, 7.3699, 7.5173, 7.4928, 7.4436, 7.3699, 7.3699, 7.3454, 7.3699, 7.3945,
        9.9494, 9.237, 9.0404, 8.9668, 8.9422, 8.8931, 8.8439, 8.8194, 8.8194, 8.7702, 8.7211,
        8.672, 8.672, 8.5983, 8.6228, 8.5491, 8.5491, 8.2543, 8.1315, 7.935, 7.6647, 7.4928,
        7.4191, 7.2962, 7.2962, 7.198, 7.5173, 7.5419, 7.591, 7.3945, 7.6402, 7.6402, 10.3425,
        9.3844, 9.237, 9.0159, 8.8685, 8.7702, 8.6228, 8.5491, 8.3772, 7.8858,
    ],
    [
        3.7341, 4.4957, 4.422, 6.8786, 6.0925, 5.7977, 5.6011, 5.4783, 5.3555, 5.1344, 5.159,
        7.8121, 7.198, 6.7066, 6.461, 6.3627, 6.3136, 6.2399, 6.3381, 8.7211, 8.0578, 7.9104,
        7.6647, 7.4928, 7.1488, 7.6893, 7.4682, 7.4191, 6.7803, 6.9769, 6.7312, 6.7312, 6.6821,
        6.6575, 6.6821, 6.6821, 6.5838, 9.1387, 8.5246, 8.4017, 8.0332, 7.763, 7.5173, 7.3454,
        7.3208, 7.2225, 7.1488, 7.2962, 7.2717, 7.2225, 7.1488, 7.1488, 7.1243, 7.1488, 7.1734,
        9.7283, 9.0159, 8.8194, 8.7457, 8.7211, 8.672, 8.6228, 8.5983, 8.5983, 8.5491, 8.5, 8.4509,
        8.4509, 8.3772, 8.4017, 8.328, 8.328, 8.0332, 7.9104, 7.7139, 7.4436, 7.2717, 7.198,
        7.0751, 7.0751, 6.9769, 7.2962, 7.3208, 7.3699, 7.1734, 7.4191, 7.4191, 10.1214, 9.1633,
        9.0159, 8.7948, 8.6474, 8.5491, 8.4017, 8.328, 8.1561, 7.6647,
    ],
    [
        3.685, 4.4465, 4.3728, 6.8295, 6.0433, 5.7485, 5.552, 5.4292, 5.3064, 5.0853, 5.1098,
        7.763, 7.1488, 6.6575, 6.4118, 6.3136, 6.2644, 6.1907, 6.289, 8.672, 8.0087, 7.8613,
        7.6156, 7.4436, 7.0997, 7.6402, 7.4191, 7.3699, 6.7312, 6.9277, 6.6821, 6.6821, 6.6329,
        6.6084, 6.6329, 6.6329, 6.5347, 9.0896, 8.4754, 8.3526, 7.9841, 7.7139, 7.4682, 7.2962,
        7.2717, 7.1734, 7.0997, 7.2471, 7.2225, 7.1734, 7.0997, 7.0997, 7.0751, 7.0997, 7.1243,
        9.6792, 8.9668, 8.7702, 8.6965, 8.672, 8.6228, 8.5737, 8.5491, 8.5491, 8.5, 8.4509, 8.4017,
        8.4017, 8.328, 8.3526, 8.2789, 8.2789, 7.9841, 7.8613, 7.6647, 7.3945, 7.2225, 7.1488,
        7.026, 7.026, 6.9277, 7.2471, 7.2717, 7.3208, 7.1243, 7.3699, 7.3699, 10.0722, 9.1141,
        8.9668, 8.7457, 8.5983, 8.5, 8.3526, 8.2789, 8.1069, 7.6156,
    ],
    [
        3.0462, 3.8078, 3.7341, 6.1907, 5.4046, 5.1098, 4.9133, 4.7905, 4.6676, 4.4465, 4.4711,
        7.1243, 6.5101, 6.0188, 5.7731, 5.6748, 5.6257, 5.552, 5.6503, 8.0332, 7.3699, 7.2225,
        6.9769, 6.8049, 6.461, 7.0014, 6.7803, 6.7312, 6.0925, 6.289, 6.0433, 6.0433, 5.9942,
        5.9696, 5.9942, 5.9942, 5.8959, 8.4509, 7.8367, 7.7139, 7.3454, 7.0751, 6.8295, 6.6575,
        6.6329, 6.5347, 6.461, 6.6084, 6.5838, 6.5347, 6.461, 6.461, 6.4364, 6.461, 6.4855, 9.0404,
        8.328, 8.1315, 8.0578, 8.0332, 7.9841, 7.935, 7.9104, 7.9104, 7.8613, 7.8121, 7.763, 7.763,
        7.6893, 7.7139, 7.6402, 7.6402, 7.3454, 7.2225, 7.026, 6.7558, 6.5838, 6.5101, 6.3873,
        6.3873, 6.289, 6.6084, 6.6329, 6.6821, 6.4855, 6.7312, 6.7312, 9.4335, 8.4754, 8.328,
